41.1,45.6;24.7,29.9;0
31.4,55.9;78.6,67.7;1
54.8,76.0;68.4,29.9;3
68.4,29.9;24.7,29.9;4;
70.7,58.3;31.4,55.9;5;1
24.7,29.9;70.7,58.3;8;1
31.4,55.9;54.8,76.0;14;1
19.3,39.3;54.8,76.0;15;1
24.7,29.9;54.8,76.0;19
30.3,44.1;31.4,55.9;21
5.0,29.7;24.7,29.9;22
70.7,58.3;31.4,55.9;23
31.4,55.9;70.7,58.3;23
68.4,29.9;31.4,55.9;29
54.8,76.0;70.7,58.3;30
95.0,67.9;54.8,76.0;32
95.0,28.3;68.4,29.9;34
70.7,58.3;54.8,76.0;34
45.4,61.9;24.7,29.9;34
41.1,45.6;54.8,76.0;34
68.4,29.9;31.4,55.9;37
67.2,69.0;24.7,29.9;39
68.4,29.9;31.4,55.9;45
73.4,84.4;68.4,29.9;52
54.8,76.0;70.7,58.3;54
31.4,55.9;5.0,5.0;54
24.7,29.9;17.6,5.0;59
68.4,29.9;31.4,55.9;60;1,2,3
76.8,22.4;70.7,58.3;61;1,2,3
54.8,76.0;31.4,55.9;62;1,2
54.9,36.4;31.4,55.9;69;4
17.6,5.0;24.7,29.9;70
70.7,58.3;31.4,55.9;71
31.4,55.9;68.4,29.9;72
5.0,69.7;31.4,55.9;77
68.4,29.9;73.4,84.4;81;5
36.0,23.4;54.8,76.0;83
24.7,29.9;70.7,58.3;84
54.8,76.0;5.0,69.7;84
84.4,32.7;31.4,55.9;85
31.4,55.9;68.4,29.9;89
27.5,12.8;31.4,55.9;89;9
52.5,15.5;70.7,58.3;90;10,11
65.2,5.0;68.4,29.9;94;11,12
68.4,29.9;70.7,58.3;94;1,2,3,4,5,6,7
82.1,77.5;68.4,29.9;96;15
54.8,76.0;19.3,39.3;97;44
