30.0,20;70,20;0
30.0,20;70,20;5
30.0,20;70,20;15
30.0,20;70,20;20
30.0,20;70,20;25
30.0,20;70,20;30
30.0,20;70,20;35
30.0,20;70,20;40
30.0,25;70,25;0
30.0,25;70,25;5
30.0,25;70,25;15
30.0,25;70,25;20
30.0,25;70,25;25
30.0,25;70,25;30
30.0,25;70,25;35
30.0,25;70,25;40
30.0,30;70,30;0
30.0,30;70,30;5
30.0,30;70,30;15
30.0,30;70,30;20
30.0,30;70,30;25
30.0,30;70,30;30
30.0,30;70,30;35
30.0,30;70,30;40
10.0,40;40,40;0
10.0,40;40,40;5
10.0,40;40,40;15
10.0,40;40,40;20
10.0,40;40,40;25
10.0,40;40,40;30
10.0,40;40,40;35
10.0,40;40,40;40
10.0,45;40,45;0
10.0,45;40,45;5
10.0,45;40,45;15
10.0,45;40,45;20
10.0,45;40,45;25
10.0,45;40,45;30
10.0,45;40,45;35
10.0,45;40,45;40
10.0,50;40,50;0
10.0,50;40,50;5
10.0,50;40,50;15
10.0,50;40,50;20
10.0,50;40,50;25
10.0,50;40,50;30
10.0,50;40,50;35
10.0,50;40,50;40
60.0,40;90,40;0
60.0,40;90,40;5
60.0,40;90,40;15
60.0,40;90,40;20
60.0,40;90,40;25
60.0,40;90,40;30
60.0,40;90,40;35
60.0,40;90,40;40
60.0,45;90,45;0
60.0,45;90,45;5
60.0,45;90,45;15
60.0,45;90,45;20
60.0,45;90,45;25
60.0,45;90,45;30
60.0,45;90,45;35
60.0,45;90,45;40
60.0,50;90,50;0
60.0,50;90,50;5
60.0,50;90,50;15
60.0,50;90,50;20
60.0,50;90,50;25
60.0,50;90,50;30
60.0,50;90,50;35
60.0,50;90,50;40
30.0,70;70,70;0
30.0,70;70,70;5
30.0,70;70,70;15
30.0,70;70,70;20
30.0,70;70,70;25
30.0,70;70,70;30
30.0,70;70,70;35
30.0,70;70,70;40
30.0,75;70,75;0
30.0,75;70,75;5
30.0,75;70,75;15
30.0,75;70,75;20
30.0,75;70,75;25
30.0,75;70,75;30
30.0,75;70,75;35
30.0,75;70,75;40
30.0,80;70,80;0
30.0,80;70,80;5
30.0,80;70,80;15
30.0,80;70,80;20
30.0,80;70,80;25
30.0,80;70,80;30
30.0,80;70,80;35
30.0,80;70,80;40
50.0,5;50,95;0
50.0,5;50,95;5
50.0,5;50,95;15
50.0,5;50,95;20
50.0,5;50,95;25
50.0,5;50,95;30
50.0,5;50,95;35
50.0,5;50,95;40
30.0,5;30,95;0
30.0,5;30,95;5
30.0,5;30,95;15
30.0,5;30,95;20
30.0,5;30,95;25
30.0,5;30,95;30
30.0,5;30,95;35
30.0,5;30,95;40
70.0,5;70,95;0
70.0,5;70,95;5
70.0,5;70,95;15
70.0,5;70,95;20
70.0,5;70,95;25
70.0,5;70,95;30
70.0,5;70,95;35
70.0,5;70,95;40