5.0,10.0;5.0,90.0;0
10.0,10.0;10.0,90.0;0
15.0,10.0;15.0,90.0;0
20.0,10.0;20.0,90.0;0
25.0,10.0;25.0,90.0;0
30.0,10.0;30.0,90.0;0
35.0,10.0;35.0,90.0;0
40.0,10.0;40.0,90.0;0
45.0,10.0;45.0,90.0;0
50.0,10.0;50.0,90.0;0
55.0,10.0;55.0,90.0;0
60.0,10.0;60.0,90.0;0
65.0,10.0;65.0,90.0;0
70.0,10.0;70.0,90.0;0
75.0,10.0;75.0,90.0;0
80.0,10.0;80.0,90.0;0
85.0,10.0;85.0,90.0;0
90.0,10.0;90.0,90.0;0
95.0,10.0;95.0,90.0;0
5.0,10.0;5.0,90.0;0
10.0,10.0;10.0,90.0;0
15.0,10.0;15.0,90.0;0
20.0,10.0;20.0,90.0;0
25.0,10.0;25.0,90.0;0
30.0,10.0;30.0,90.0;0
35.0,10.0;35.0,90.0;0
40.0,10.0;40.0,90.0;0
45.0,10.0;45.0,90.0;0
50.0,10.0;50.0,90.0;0
55.0,10.0;55.0,90.0;0
60.0,10.0;60.0,90.0;0
65.0,10.0;65.0,90.0;0
70.0,10.0;70.0,90.0;0
75.0,10.0;75.0,90.0;0
80.0,10.0;80.0,90.0;0
85.0,10.0;85.0,90.0;0
90.0,10.0;90.0,90.0;0
95.0,10.0;95.0,90.0;0
5.0,10.0;5.0,90.0;0
10.0,10.0;10.0,90.0;0
15.0,10.0;15.0,90.0;0
20.0,10.0;20.0,90.0;0
25.0,10.0;25.0,90.0;0
30.0,10.0;30.0,90.0;0
35.0,10.0;35.0,90.0;0
40.0,10.0;40.0,90.0;0
45.0,10.0;45.0,90.0;0
50.0,10.0;50.0,90.0;0
55.0,10.0;55.0,90.0;0
60.0,10.0;60.0,90.0;0
65.0,10.0;65.0,90.0;0
70.0,10.0;70.0,90.0;0
75.0,10.0;75.0,90.0;0
80.0,10.0;80.0,90.0;0
85.0,10.0;85.0,90.0;0
90.0,10.0;90.0,90.0;0
95.0,10.0;95.0,90.0;0
5.0,10.0;5.0,90.0;0
10.0,10.0;10.0,90.0;0
15.0,10.0;15.0,90.0;0
20.0,10.0;20.0,90.0;0
25.0,10.0;25.0,90.0;0
30.0,10.0;30.0,90.0;0
35.0,10.0;35.0,90.0;0
40.0,10.0;40.0,90.0;0
45.0,10.0;45.0,90.0;0
50.0,10.0;50.0,90.0;0
55.0,10.0;55.0,90.0;0
60.0,10.0;60.0,90.0;0
65.0,10.0;65.0,90.0;0
70.0,10.0;70.0,90.0;0
75.0,10.0;75.0,90.0;0
80.0,10.0;80.0,90.0;0
85.0,10.0;85.0,90.0;0
90.0,10.0;90.0,90.0;0
95.0,10.0;95.0,90.0;0
5.0,10.0;5.0,90.0;0
10.0,10.0;10.0,90.0;0
15.0,10.0;15.0,90.0;0
20.0,10.0;20.0,90.0;0
25.0,10.0;25.0,90.0;0
30.0,10.0;30.0,90.0;0
35.0,10.0;35.0,90.0;0
40.0,10.0;40.0,90.0;0
45.0,10.0;45.0,90.0;0
50.0,10.0;50.0,90.0;0
55.0,10.0;55.0,90.0;0
60.0,10.0;60.0,90.0;0
65.0,10.0;65.0,90.0;0
70.0,10.0;70.0,90.0;0
75.0,10.0;75.0,90.0;0
80.0,10.0;80.0,90.0;0
85.0,10.0;85.0,90.0;0
90.0,10.0;90.0,90.0;0
95.0,10.0;95.0,90.0;0
50.0,89.0;50.0,11.0;5
50.0,89.0;50.0,11.0;14
50.0,89.0;50.0,11.0;26
50.0,89.0;50.0,11.0;50
50.0,89.0;50.0,11.0;100