50.0,20.0;50.0,80.0;0
50.0,80.0;50.0,20.0;0
30.0,27.64;70.0,72.36;0
70.0,72.36;30.0,27.64;0
30.0,27.64;70.0,72.36;0
70.0,72.36;30.0,27.64;0
21.2,41.6;78.8,58.4;0
78.8,58.4;21.2,41.6;0
50.0,80.0;50.0,20.0;0
50.0,20.0;50.0,80.0;0
30.0,72.36;70.0,27.64;0
70.0,27.64;30.0,72.36;0
30.0,72.36;70.0,27.64;0
70.0,27.64;30.0,72.36;0
21.2,58.4;78.8,41.6;0
78.8,41.6;21.2,58.4;0
20.1,94.9;20.1,5.1;0
20.1,5.1;20.1,94.9;0
35.1,94.9;35.1,5.1;0
35.1,5.1;35.1,94.9;0
50.1,94.9;50.1,5.1;0
50.1,5.1;50.1,94.9;0
65.1,94.9;65.1,5.1;0
65.1,5.1;65.1,94.9;0
80.1,94.9;80.1,5.1;0
80.1,5.1;80.1,94.9;0
94.9,20.1;5.1,20.1;0
5.1,20.1;94.9,20.1;0
94.9,35.1;5.1,35.1;0
5.1,35.1;94.9,35.1;0
94.9,50.1;5.1,50.1;0
5.1,50.1;94.9,50.1;0
94.9,65.1;5.1,65.1;0
5.1,65.1;94.9,65.1;0
94.9,80.1;5.1,80.1;0
5.1,80.1;94.9,80.1;0
